"1,Волгоградская область,Алексеевский муниципальный район,#,part Alekseevsky,""m 50.269325,197.03466 6.679141,0.5273 3.866871,5.27301 4.042638,-0.35153 2.988037,-2.10921 0.527301,-2.1092 -1.581902,-4.39417 3.691104,-0.5273 2.636503,2.6365 5.448773,-2.46074 1.230368,-3.86687 -1.406135,-3.6911 8.788344,-2.81227 3.163804,4.7457 20.916258,-2.46073 10.72178,3.86687 2.6365,-5.97607"
    h 2.98804
    l -7.55798,-9.66718 0.70307,-2.46074 5.44877,0.87884 2.28497,-2.98804 4.39417,0.35153 3.33957,4.56994 9.84295,-0.5273 2.98804,-6.67914 2.1092,0.17577 -0.87884,-10.01871 -8.26104,-2.10921 -3.51534,-5.273 0.35154,-10.54602 1.93343,-0.5273 -0.5273,-5.273
    h -2.98803
    l -1.05461,-6.67914 -8.61257,7.03067 -5.62454,0.17577 -1.23037,-3.16381 -6.32761,-5.97607 -5.44877,-0.35153 -1.75767,-1.93344 0.35153,-7.73374 -6.3276,0.17577 0.5273,-4.21841 -6.503376,-0.5273 -0.527301,4.04264 -5.273006,-0.17577 0.527301,12.47945 -11.424847,3.6911 -1.054601,0.87884 4.042638,2.98804 4.394172,1.75766 -4.218405,2.28497 -0.527301,8.78835 3.515338,7.20644 -2.636503,4.92147
    v 6.15184
    l -3.339571,-1.93343 -5.097239,3.33957 -1.054601,7.03067 -5.800307,-1.75767 -4.569939,3.16381 1.581902,7.03067 -7.557975,-3.51534 -2.988037,1.58191 0.175767,10.01871
"    z"",media/2.jpg,Алексеевский муниципальный район,ЮФО,#bf2523"
"2,Волгоградская область,Быковский муниципальный район,#,part Bykovsky,""m 409.64648,199.60323 4.72286,1.24286 10.19145,6.2143"
    h 1.24286
    l 8.45145,3.97715 4.47429,10.19144 5.71715,-1.49143 -0.99428,4.22572 -4.72287,2.48572 1.98858,3.48001
    v 3.72858
    l 30.32577,0.24857
    v 12.18002
    l -2.23715,-0.74571 -1.24286,1.98857 -20.3829,-0.49714 -12.92573,-0.49714 0.49714,32.81149 0.74572,2.98286 -1.49144,13.42288 -7.45715,-0.49714 -0.49715,1.98857 -2.23714,0.99429 -0.24858,2.73429 3.23144,1.74 -2.73429,3.48001 -8.45145,6.96001 -1.49143,-0.49714 -2.23714,0.49714 -1.49144,1.24286 -0.24857,0.49715 0.24857,2.48571 -7.70572,4.97144 -9.19716,-1.74 -4.72287,-3.72858 -3.97715,0.49714 -7.70573,4.4743 -4.97144,4.47429 -1.74,-1.98857 1.49143,-8.45145 -1.49143,-5.96572
    v -3.97715
    l 2.23715,-3.72858 2.23714,-7.20859 0.99429,-6.96001 2.23715,-4.72286 -0.49715,-3.23144 2.48572,-1.98857 1.98858,-1.24286 -1.74,-1.98858 2.98286,-5.71715 0.74571,-4.22572 2.23715,-4.72287 1.98858,-7.20859 1.24286,-3.97715 9.94287,-1.24286 1.74,-1.98857 1.49144,-6.71144 2.48571,-5.46858 0.74572,-6.46287 0.24857,-8.70002 -0.24857,-8.45144
    v -3.97715
"    z"",media/2.jpg,Быковский муниципальный район,ЮФО,#bf2523"
"3,Волгоградская область,Городищенский муниципальный район,#,part Gorodishensky,""m 336.31777,353.96637 3.97715,0.49715"
    v -6.71144
    l 2.23715,-2.48572 0.74571,-4.22572 -5.96572,-0.99429 -4.97144,-1.24286 -2.48572,-1.49143 -4.22572,-4.4743 -2.23715,-4.22572 -2.98286,-3.48 -1.49143,-1.98858 -3.48001,0.74572 -2.73429,-2.23715 -3.97715,-0.24857 -5.22001,2.73429 0.24857,2.23714 2.73429,4.22573 -0.99428,2.98286
    h -2.7343
    l -6.21429,-0.24857 -0.74572,3.72858 -7.9543,-6.2143 -6.2143,-0.74572
    v -6.96001
    l -1.98857,-0.24857 -1.24286,4.47429 -1.74,-0.74571 -2.73429,-0.99429 -2.23715,0.74571 -1.98858,-0.49714 -0.49714,9.94288 -1.24286,4.22572 -0.99429,2.48572 -1.49143,1.74 -3.23143,1.49143 -1.49143,1.74001 -1.49144,0.99428 -1.24286,1.49143 1.98858,1.24286 -1.24286,0.99429 -1.24286,0.49715 1.24286,4.72286 -0.74572,1.98858 2.7343,5.96572 1.74,3.48001 1.98857,1.24286
    v 2.23714
    l -1.74,2.23715 3.97715,1.49143 2.23715,0.99429 -0.24857,2.73429 -0.74572,2.98286 -0.49714,2.7343 0.99428,0.49714 2.48572,-1.49143 1.74001,0.24857 2.98286,0.49714 2.48572,1.24286 1.74,3.23144 3.23144,2.23714 3.72857,1.74001 2.48572,2.73429 1.74001,-0.74572 -0.49715,-0.74571 5.22001,-3.48001 1.24286,-0.49714 0.24857,-6.46287 3.48001,1.74 3.48001,-3.72858 7.45715,-0.99429 3.48001,-7.20858 -9.44573,-5.71715 5.22001,-1.74001 7.70573,4.97144 9.19716,-9.94287 3.48,1.49143 0.49715,-3.72858 4.75008,-3.40408 -0.43942,-1.31825
"    z"",media/2.jpg,Городищенский муниципальный район,ЮФО,#bf2523"
"4,Волгоградская область,городской округ город Волжский,#,part city Volzhsky,""m 335.06349,367.0164 3.23143,0.37286 1.98858,-1.74001 1.74,-3.97715 -0.24857,-2.48572 4.22572,-4.47429 3.72858,-4.72287 1.98857,-0.24857 4.97144,-3.23143 0.74572,0.49714 -5.22001,4.22572 -1.74001,2.73429 5.46858,4.4743 -1.74,0.74571 -1.49143,-0.24857 -2.48572,-2.48572 -3.72858,1.24286 0.74572,2.73429 7.45716,0.24858"
    h 1.98857
    l 2.98286,2.23714 0.49715,4.72287
    v 2.73429
    l -3.48001,1.98857 -1.98857,2.23715 -0.24858,2.98286 -2.98286,-0.99428 -3.23143,2.73429 -0.99429,-1.24286
    v -2.48572
    l 0.99429,-1.49143 -1.24286,-0.99429 -1.24286,-0.74572 -1.98858,-0.49714 -1.24286,-0.24857 -7.33287,0.99429 -3.85286,-0.74572
"    z"",media\волжский.jpg,городской округ город Волжский,ЮФО,#006400"
"5,Волгоградская область,городской округ город Камышин,#,part city Kamishin,""m 403.56074,186.7523 2.72438,0.26365 2.6365,-4.2184 0.61519,-2.46074 2.28497,-4.30629 3.86687,-3.95475 1.93344,-5.18513 -3.95476,0.0879 -2.37285,-1.49402 -2.02132,2.90015 -2.28497,-1.5819 0.17577,-0.70307 -7.38221,4.04264 3.6911,1.5819 -2.54862,2.72439 0.96672,2.46074 -3.1638,0.70306"
    v 2.10921
    l 2.54862,0.26365
"    z"",media\камышин.jpg,городской округ город Камышин,ЮФО,#006400"
"6,Волгоградская область,городской округ город Михайловка,#,part city Mihailovka,""m 207.06039,180.96034 1.61571,-2.73429 1.24286,-3.35572 -1.74,-2.61001 -2.73429,-0.99429 -3.35572,0.24858 -1.36715,0.87 -2.36143,2.36143 -2.23715,0.99429 -1.86429,0.87 -0.62143,2.48572 0.74572,2.98286 3.72858,1.49143 1.24286,1.86429 3.35572,0.49715"
"    z"",media\михайловка.jpg,городской округ город Михайловка,ЮФО,#006400"
"7,Волгоградская область,городской округ город Урюпинск,#,part city Uruypinsk,""m 81.655867,65.62298 -0.62143,3.35572 -0.62143,3.231435 1.367146,2.361433 1.491431,1.615717 1.367145,1.615717 1.988576,-0.994287 1.615717,-0.372858 2.237147,0.248572 2.112861,-1.24286 -0.248572,-3.728578 -0.497144,-3.355721 -0.621429,-1.242859 -1.24286,-0.372858 -1.740003,-0.497144 -4.350008,-0.372857"
"    z"",media\урюпинск.jpg,городской округ город Урюпинск,ЮФО,#006400"
"8,Волгоградская область,городской округ город Фролово,#,part city Frolovo,""m 244.59474,230.42614 -5.46858,-2.23714 0.24857,-2.48572 -5.71715,-1.49143 3.72858,-0.99429 -1.49143,-3.48001 4.22572,0.24857 3.23143,-1.24285 2.23715,2.73429 3.72858,-0.49715 3.48,4.4743 -1.74,3.23143"
    h -3.48001
"    z"",media\фролово.jpg,городской округ город Фролово,ЮФО,#006400"
"9,Волгоградская область,городской округ город-герой Волгоград,#,part city Volgograd,""m 339.30063,354.46352 -3.23143,0.24857"
    v 1.49143
    l -4.47429,3.23144 -0.74572,3.23143 -3.48001,-1.24286 -4.22572,5.46858 -4.72286,4.72287 -7.95431,-4.47429 -5.71715,1.74 9.6943,5.71715 -3.23143,6.46287 -6.96001,1.49143 -4.22572,3.23144 -2.98287,-1.74 -0.74571,7.45715 -5.96573,3.72858 1.49143,2.98286 0.49715,1.74001 5.96572,-0.24858 -0.24857,0.74572 -4.22572,0.99429 -1.24286,3.48 2.23715,4.97144 3.48,0.74572 4.72287,2.48572
    v -10.93717
    l 1.74,-0.49714 -0.24857,-3.23144 -1.24286,-2.48571 1.74,-0.99429 2.48572,-0.49715 2.23715,1.24286 0.99429,4.4743 -1.24286,1.74 1.49143,2.98286 2.48572,2.98287 2.48572,2.73429 3.97715,1.74 2.73429,1.98858 3.23143,1.24286 1.74001,-1.74001 0.49714,-2.48572 2.23715,0.24858 2.48572,3.72857 2.73429,2.23715 1.98857,1.49143 1.98858,-0.74571 0.99428,-3.23144 -0.24857,-3.48 2.23715,-4.59859 -4.97144,-3.23143 -4.22572,-2.36143 1.24286,-2.48572 0.24857,-1.49143 -0.74572,-0.99429 -1.74,-2.23715 -2.98286,0.24857 -2.23715,0.24858 -2.48572,-1.49143 -0.24857,-2.23715 0.99429,-2.48572 0.99429,-1.24286 -0.99429,-3.48001 1.49143,-2.98286 2.23715,-3.97715 0.99428,-2.98286 2.48572,-3.97715 1.74001,-0.74572 0.49714,-1.98857 2.23715,-2.23715 1.74,-1.24286 0.24857,-0.24857 -1.98857,-0.99429 0.99428,-1.98857
    v -1.74001
"    z"",media\Волгоград.jpg,городской округ город-герой Волгоград,ЮФО,#006400"
"10,Волгоградская область,Даниловский муниципальный район,#,part Danilovsky,""m 278.06319,82.610429 -3.1638,3.163804 -5.80031,-2.109203 -4.39417,1.406135 -4.39417,7.557976 0.17576,8.964109 -5.273,2.98804 -1.75767,2.98803 -8.61258,1.23037 -2.1092,4.21841 5.44877,7.73374 4.74571,1.93344 -5.80031,5.44877"
    h -5.80031
    l 1.40614,5.44877 4.04264,2.46074 2.1092,7.20644 1.0546,8.08528 -2.98804,17.92822 1.93344,-1.0546 0.5273,2.98803 6.85491,-0.17576 1.93343,-2.63651 2.46074,-0.70307 1.75767,-4.56993 2.6365,-0.5273 1.0546,-3.16381 4.04264,-1.75767 0.70307,3.33957 1.40613,-0.35153 0.87884,3.51534
    h 2.1092
    l -0.35153,3.33957 -1.40614,2.1092 0.5273,3.6911 4.56994,1.75767 10.37025,3.51534 5.273,-3.1638 -0.5273,2.6365 0.5273,3.86687 8.61258,-0.5273 -0.70307,-4.56994 2.6365,-5.8003 7.90951,-5.44878 2.28497,-10.19448 5.80031,-8.26104 -5.27301,-2.28497 5.44878,-9.66718 6.8549,4.74571 4.39418,-8.26104 -2.63651,-4.04264 5.09724,-2.46074 -0.17577,-7.03067 -4.2184,-2.46074 -2.1092,-6.67914 -2.28497,-4.04264 -4.92147,-2.1092 -1.58191,5.44877 -5.273,3.16381 -27.0681,-13.885587 0.5273,-1.757668 -6.15184,-2.28497 0.17577,-7.557975
"    z"",media/2.jpg,Даниловский муниципальный район,ЮФО,#bf2523"
"11,Волгоградская область,Дубовский муниципальный район,#,part Dubovsky,""m 342.39386,340.98773 8.08528,-5.97607 4.74571,-4.39418 3.6911,-7.55797 1.40613,-11.60062 4.92148,-2.1092 1.0546,-6.3276 -0.17577,-9.31565 2.98804,-5.62454 3.33957,-9.66718 3.1638,-8.08527 3.69111,-7.90951 3.33957,-8.78835 5.09724,-10.01871 3.51533,-8.08527 4.56994,-6.32761 -1.5819,-4.39417 -5.62454,-0.87884 -3.51534,1.23037 -1.75766,8.43681 -3.33958,-0.17577 -2.46073,-4.39417 -4.56994,8.08528 -7.90951,-0.70307 -0.35153,4.21841 -8.61258,-0.17577 -7.55798,7.73374 -0.35153,4.56994 -2.6365,2.98804 -3.86687,-3.16381 -5.09724,2.63651 -2.81227,-1.93344 -3.33957,-0.17577 -2.46074,12.47945 -3.51534,-0.70307 -1.75767,4.39418 -5.09723,0.5273 1.0546,9.49141 -7.90951,3.1638 -2.28497,2.46074 1.23037,2.6365 -0.17577,5.97607 1.23037,3.33957 0.70306,5.09724 2.10921,2.81227 -5.97608,6.32761 5.44878,5.80031 -0.5273,2.1092 -2.98804,2.6365 2.98804,0.17577 3.1638,2.98804 3.1638,-0.87884 4.21841,4.74571 2.6365,4.7457 4.04264,4.21841 2.81227,1.0546 5.27301,1.75767"
"    z"",media/2.jpg,Дубовский муниципальный район,ЮФО,#bf2523"
"12,Волгоградская область,Еланский муниципальный район,#,part Elansky,""m 295.63988,16.522086 4.56994,0.703067 -4.39418,10.370246"
    v 3.866871 7.733742
    h -4.7457
    l 0.35153,9.842945 -5.62454,8.612577 -3.6911,-0.878835 -0.5273,3.691105 -3.16381,-0.878835 -0.35153,23.904295 -2.98804,2.988036 -6.3276,-2.81227 -3.69111,0.878835 -4.2184,7.909509 0.17576,9.491416 -5.44877,2.1092 -1.5819,3.6911 -4.74571,0.5273
    v -4.56994
    l -6.3276,-2.1092 -6.85491,2.98804 -3.33957,6.50337 -1.0546,4.56994 -2.63651,2.28497 -4.7457,-0.87883
    v -6.85491
    l -6.32761,-0.5273 3.6911,-5.62454 2.63651,-1.5819 3.86687,-4.218409 -6.32761,-14.940184 -2.46074,-0.175767 -1.75766,-14.58865 4.04263,-9.315645 -4.2184,0.703068 -4.56994,-1.230368 -2.81227,-4.569939 3.33957,-5.62454 2.6365,-0.878834 2.81227,-4.394172 -1.23036,-6.854908 2.98803,-1.581902 11.60062,-4.394171 10.72178,1.230368 1.75766,-6.327608 -1.93343,-4.745705 2.98804,2.109202 6.67914,-1.933435 2.46073,0.351533 6.32761,3.339571 2.81227,-1.406135 3.6911,-8.261043 3.86688,1.406135 5.09723,-0.878834
    v 13.182515
    h 3.86688
    l 0.35153,-4.569939 1.40613,-0.878834 2.10921,2.636503 1.93343,-5.273006 1.93344,0.175767
    v 3.33957
    l 3.51534,1.933436 2.28496,-2.284969
"    z"",media/2.jpg,Еланский муниципальный район,ЮФО,#bf2523"
"13,Волгоградская область,Жирновский муниципальный район,#,part Zhirnovsky,""m 334.13282,88.938037 4.21841,5.448773 4.04263,-4.394172 4.04264,8.261043 7.55798,3.866869 1.93343,-3.339569 1.0546,3.515339 2.63651,0.87883 1.40613,-4.569936 1.75767,-0.703067 0.87884,6.327603"
    h 3.1638
    l 2.81227,-6.50337 4.39417,5.09724 9.49141,4.04264 -1.75767,-5.27301 6.67914,0.17577 0.17577,-6.327609 3.33957,-10.018712 -4.2184,-0.878834 5.09724,-0.703068 4.56993,-2.460736
    v -8.085276
    l 3.51534,-6.679141 0.70307,-7.382209 -3.1638,-6.854908 -4.56994,-3.691104 -3.33957,-2.460736 -0.35154,-4.042638 -1.23037,-3.691104 2.63651,-4.921473 -11.77638,-5.62454 -4.74571,-7.382208 -5.8003,-3.515338 -0.70307,3.691105 -2.1092,0.878834 -1.23037,2.109203 -4.92148,-1.757669
    V 14.58865
    l -11.60061,2.109203 -11.95215,-4.745706 -3.51533,2.636503 2.28497,4.569939 -2.63651,1.581902 -4.2184,-0.527301 -5.80031,-11.7763802 -4.04264,-1.5819018 -2.98803,6.327607 -2.81227,-2.81227 -1.75767,-0.351533 -3.86687,2.988036 -6.32761,-3.8668707 -5.09724,0.1757668 -0.17577,7.3822089 3.86687,0.703067 -1.40613,4.394172 -1.93344,5.097239 -1.0546,4.745706 7.90951,-0.175767 0.17577,-2.988037 5.97607,0.351534 0.70307,-5.273006 9.49141,1.757668 3.33957,21.092025 4.39417,5.800307 6.15184,-8.085276 7.73375,20.21319 -2.46074,4.569938 0.5273,3.691105 -1.0546,2.636503 1.0546,2.636503 2.28497,2.109202 0.17577,1.933436 1.40613,1.581902 -1.23037,2.988036 -3.33957,1.757669
"    z"",media/2.jpg,Жирновский муниципальный район,ЮФО,#bf2523"
"14,Волгоградская область,Иловлинский муниципальный район,#,part Ilovlinsky,""m 269.45061,325.87178 0.70307,9.49141 -2.1092,5.62454 -2.28497,3.86687 -4.04264,1.40614 -3.51534,3.6911 -5.09724,-4.04264 -2.28497,-3.33957"
    v -1.23037
    l -3.6911,-3.1638 -5.62454,-1.75767 -2.6365,0.35153 -0.70307,-9.66717 -2.81227,-1.58191 -6.32761,-6.15184 -10.01871,-4.7457 -1.40613,-1.0546 -1.05461,-22.3224 16.69786,-22.32239 4.7457,-2.6365 0.35154,-1.40614 1.93343,-5.09724 8.26105,1.93344 1.75766,-0.87883 2.10921,0.17576 1.23036,-7.90951 3.86688,0.35154 2.1092,0.5273 3.1638,0.5273 2.46074,-1.0546 -0.87884,-2.46074 -1.40613,-1.5819 -1.23037,-1.5819 2.6365,-3.16381 5.44878,0.5273 1.93343,3.33958
    h 1.5819
    l 0.87884,-0.87884 -1.40614,-4.7457 0.35154,-1.58191 10.54601,1.93344 1.23037,0.70307 5.62454,-0.35154 -0.5273,4.56994 1.75767,3.16381 4.56993,3.33957 4.74571,0.87883 2.28497,-1.40613 1.40613,-3.51534 0.87884,-4.92147 8.43681,0.5273 0.35153,4.92147 8.96411,1.0546 0.87884,12.12791 -1.58191,4.92148 -4.39417,0.35153 0.5273,9.66718 -8.61257,3.51534 -1.5819,2.46073 1.40613,2.46074 -0.17577,5.62454 1.40614,3.6911 0.35153,4.92147 2.1092,3.33957 -5.09723,5.80031 4.7457,5.62454 -0.87883,1.75767 -2.28497,2.98804 -6.15184,2.1092 0.17576,2.81227 2.81227,3.6911 -1.40613,3.51534 -8.26104,-0.35153 -1.40614,4.7457 -8.43681,-7.03067 -5.97607,-0.35154 -0.5273,-7.55797 -1.0546,-0.17577 -1.40614,5.27301 -4.04264,-2.46074 -2.28497,1.0546
"    z"",media/2.jpg,Иловлинский муниципальный район,ЮФО,#bf2523"
"15,Волгоградская область,Калачевский муниципальный район,#,part Kalachevsky,""m 258.3773,349.77607 -2.1092,-2.6365 -2.81227,-2.28497 -2.46074,-1.93344 0.17577,-1.40613 -1.93344,-2.6365 -8.08527,-2.81227 -2.28497,0.35153 -0.35154,-9.66718 -3.86687,-2.1092 -5.8003,-5.62454 -6.67915,-3.33957 -4.04263,-2.1092 0.35153,1.93343 -2.98804,2.28497 3.33957,2.1092 1.58191,7.90951 -2.81227,1.23037 -0.87884,2.81227 2.46074,1.0546 1.23037,2.81227 2.1092,3.33957 -11.60062,0.87884 -4.2184,3.1638 3.51534,4.04264 -1.5819,2.28497 0.35153,4.39417 2.1092,1.75767"
    v 3.6911
    l -1.40613,4.04264 -1.75767,1.93344
    v 2.28497
    l -0.5273,1.23036 -1.75767,-0.17576 -1.5819,-2.46074 -0.5273,1.0546 0.5273,7.03068 -0.5273,1.5819 -1.23037,1.23037 0.5273,8.43681 4.39417,0.35153 2.6365,1.0546
    v 2.81227
    l -1.23036,2.1092 -2.28497,1.05461 -0.87884,0.87883 0.5273,1.93344 0.70307,1.5819 2.6365,1.40613 2.10921,1.75767 2.6365,1.23037 1.23037,1.5819 1.0546,1.93344 2.28497,2.46073 2.28497,3.69111 -0.70307,2.1092 -0.87884,1.5819 -1.23036,3.16381 -3.69111,1.0546 -1.23037,3.51533 -0.70306,3.33957 -2.98804,5.44878 -2.46074,1.0546 -1.5819,2.6365 2.1092,2.28497 2.28497,1.75767 22.67393,14.06135 5.44877,-11.42485 4.92148,1.93344 4.04263,5.62454 14.58865,4.04264 11.95215,-21.61933 -0.70307,-6.85491 1.75767,-4.56994 1.66979,-0.43941 0.61518,-1.14249 0.0879,-2.1092 1.31826,0.17577 0.70306,2.28497 1.40614,0.87883 1.31825,-0.5273 0.87883,-1.5819 -0.79095,-0.96672 1.14249,-1.31825 1.75767,-0.87883 1.84555,0.35153 0.87883,0.35153 1.66979,1.0546 -0.0879,-2.72438 0.35153,-1.31825 1.5819,-0.17577 0.79095,-0.0879 0.70307,-0.70307 0.96672,-1.5819 -1.0546,-0.87884 -1.14249,-0.61518 -0.96672,-1.75767 -0.0879,-1.14249 0.26365,-2.02131 -0.0879,-2.28497 0.0879,-1.23037 -0.70307,-1.0546 -1.31825,-1.49402 -1.84555,-1.23037 -2.37285,-1.5819 -2.37286,-1.5819 -0.26365,-2.02132 -1.66978,-1.0546 -1.40614,-3.51534 -2.46073,-1.31825 -4.92148,-0.79095 -2.37285,1.49401 -1.23037,-0.35153 1.66979,-6.85491 0.17577,-1.66978 -6.41549,-2.54862 1.84555,-2.28497
    v -2.02132
    l -2.1092,-1.40614 -4.48206,-9.31564 0.96672,-2.1092 -1.5819,-4.56994 1.49401,-0.43942 1.23037,-1.14248
"    z"",media/2.jpg,Калачевский муниципальный район,ЮФО,#bf2523"
"16,Волгоградская область,Камышинский муниципальный район,#,part Kamishinsky,""m 354.17024,174.88804 -3.6911,1.5819 2.1092,11.95215 4.56994,1.75766 4.56994,16.52209 26.18926,9.49141 1.23037,8.08528 4.74571,0.70306 2.28497,4.04264 3.1638,-4.92147 2.98804,-7.73374 -0.87884,-7.73374 0.70307,-8.78835 1.23037,-5.09724 2.46073,-8.08527 -2.1092,0.17576 -2.28497,-6.67914 -2.81227,-0.70307 -0.35153,-1.93343 4.2184,-0.70307 -1.5819,-2.1092 2.98804,-2.81227 -3.86687,-2.1092 7.03067,-3.69111 -0.17576,1.0546 2.6365,0.70307 2.1092,-2.46073 2.28497,1.5819"
    h 3.86687
    l 5.62454,-5.97608 3.16381,-5.44877 3.51533,-1.75767 4.04264,-2.1092 1.40614,-4.39417 3.33957,-4.39417 4.2184,-3.16381 3.86687,-5.273 3.33957,-3.33957 2.81227,-6.32761 -3.6911,-5.62454 -3.86687,-4.04264 -3.33957,-7.20644 -3.16381,-5.62454 -5.09724,1.23037 -5.09724,-1.58191 -5.62454,-0.17576 0.35154,1.93343 -0.35154,4.56994 -6.3276,-9.667176
    h -2.63651
    l -1.0546,0.878835 -2.1092,0.351534 -1.23037,-1.933436 -2.98803,4.394173 -18.80706,-0.17577 -0.5273,-0.35153 -6.15184,-0.17577 2.1092,4.56994 -1.93343,0.17577 3.33957,7.03067 -0.70307,4.04264 -6.32761,1.75767 -1.40613,9.49141 -4.04264,4.56994 7.38221,-2.46074 4.2184,2.81227 5.09724,-0.87883 2.46074,3.86687 -3.69111,2.6365 0.5273,12.65522 2.10921,4.04263 -5.62454,8.43681 -7.73375,4.74571 -10.19447,3.1638 -2.98804,-2.6365 -3.33957,4.56994 -6.67914,-2.98804
"    z"",media/2.jpg,Камышинский муниципальный район,ЮФО,#bf2523"
"17,Волгоградская область,Киквидзенский муниципальный район,#,part Kikvidzensky,""m 162.23282,67.494478 0.5273,-9.139877 7.90951,-4.394172 1.0546,-4.218405 2.81227,-1.054601 1.75767,-4.218405 7.55798,1.230368 4.7457,-3.163803 2.1092,-0.175767 0.87884,-5.448773 1.23037,-4.745706 2.98803,-11.249079 15.99479,18.455521 5.80031,-2.81227 1.23036,6.327607 -1.93343,4.745706 -2.28497,0.527301 -3.69111,5.097239 2.28497,4.745705 4.21841,1.757669 4.39417,-0.878834 -3.6911,9.667178 1.75767,14.237116"
    h 2.28496
    l 7.03068,16.522086 -4.56994,4.042638 -2.46074,1.23037 -3.33957,4.7457 -2.98803,0.70307 0.5273,6.32761 -2.98804,3.1638 -12.65521,-8.08527 -9.66718,4.04263
    h -5.44877
    l -0.70307,-1.0546 -2.63651,0.17577 -1.40613,1.40613 0.17577,-6.3276 -5.27301,-0.70307 -1.5819,-15.291718 -5.09724,-0.878834 -0.87883,-3.515338 -6.67915,-5.448773 6.50338,-1.757668 1.0546,-5.976074
"    z"",media/2.jpg,Киквидзенский муниципальный район,ЮФО,#bf2523"
"18,Волгоградская область,Клетский муниципальный район,#,part Khletsky,""m 148.69877,351.00644 8.96411,-0.5273 1.23037,-2.6365 0.70307,-3.69111 6.85491,1.93344 1.0546,6.50337 -1.0546,2.81227 2.98803,1.23037 4.39418,-0.17577 2.46073,-1.75766 2.81227,0.70306 2.6365,-2.81227 1.05461,-2.81227 1.23036,-1.0546 2.28497,-4.04264 4.74571,-1.0546 3.33957,6.67914 1.0546,-1.0546 1.75767,-4.39417 2.81227,0.35153 4.92147,-0.17576 5.62454,-4.74571 12.65522,-1.23037 -3.69111,-6.15184 -2.6365,-0.5273 0.35153,-3.1638 3.33957,-1.40614 -1.0546,-7.55797 -3.86687,-2.46074 2.81227,-2.28497 -0.17577,-2.6365 -0.87883,-22.49816 15.64325,-21.61932 3.6911,-1.23037 1.58191,-1.93344 -0.5273,-0.5273 -1.58191,1.23037 -1.40613,-2.1092 -4.56994,-1.40614 -1.40613,1.40614 -1.93344,-0.5273 -6.15184,0.17576 -0.17577,1.0546 -7.73374,0.70307 -3.6911,16.17055 -7.38221,1.05461 -1.40614,3.1638 -6.85491,3.6911"
    v 2.81227
    l -2.6365,-0.17576 -0.35153,-4.74571 -3.51534,-1.40613 -0.87883,-3.69111 -2.63651,0.17577 0.17577,3.1638 -2.1092,-0.17577 -1.0546,-2.1092 -0.35154,-2.98803 2.46074,-2.98804
    v -2.6365
    l -14.58865,-0.70307 -4.92147,-3.86687 0.17576,-3.51534 -6.67914,22.84969
    h -12.12791
    l -1.75767,1.23037 -5.27301,1.0546 -1.93343,0.70307 -3.33957,0.5273 -0.70307,2.28497 -2.81227,14.06135 -8.43681,-0.17577 0.5273,17.75246 -3.86687,0.35153 0.5273,2.46074 2.6365,5.09724 3.51534,2.1092 4.39417,-2.28497 4.21841,0.70307 2.6365,2.98803 2.28497,2.63651 5.27301,0.70306 3.33957,1.75767 3.51533,2.28497
"    z"",media/2.jpg,Клетский муниципальный район,ЮФО,#bf2523"
"19,Волгоградская область,Котельниковский муниципальный район,#,part Kotelnikovsky,""m 209.17325,483.21233 -2.98287,-0.62143 -3.10714,-3.85286 -1.49144,-0.62143 -4.72286,-0.62143 -5.22001,-0.37286 -4.84715,1.36715 -1.98858,2.85857 -0.37286,3.48001 -0.74571,4.10144 -1.49143,4.59858 -3.48001,8.20287 -4.35001,4.84715 -2.61,3.97715 -4.4743,1.98858 -4.84715,0.99428 -6.33858,1.24286 3.35572,7.58145 3.72858,4.10143 0.99428,2.61001"
    v 2.23715
    l 2.85858,1.98857 5.22001,16.7786 2.98286,0.37286 2.85858,0.62143 6.2143,-5.96572 11.18573,-0.37286 -0.24857,1.98857 -2.11286,1.11858 0.99429,1.61571
    v 6.96002
    l 5.34429,2.23714 3.97715,0.99429
    h 6.58716
    l 5.34429,-2.11286 10.6886,-2.11286 10.19144,-1.11857 2.73429,1.24285 3.10715,4.10144 2.73429,-1.24286 0.74572,-2.23715
    h 1.11857
    l 0.87,-1.24285 -1.74,-2.85858 -2.48572,-6.58716 5.3443,-25.10576 -0.49715,-5.71715 -1.11857,0.12428 3.60429,-17.40003 -11.06145,-0.49714 -1.24286,-1.86429 -5.84143,-0.37286 -1.11858,2.48572
    h -14.54145
    l 0.74571,-11.80716 -2.23715,-4.10144 -1.74,0.37286 -2.23715,-0.49715
"    z"",media/2.jpg,Котельниковский муниципальный район,ЮФО,#bf2523"
"20,Волгоградская область,Котовский муниципальный район,#,part Kotovsky,""m 313.21656,164.86932 4.56994,3.86688 6.32761,1.40613 4.39417,7.20644 11.24908,0.87884 4.04264,-11.07332 6.67914,8.96411 3.51534,-1.0546 0.5273,-3.51533 5.97607,2.81227 3.16381,-4.56994 3.51533,2.6365 9.49141,-3.1638 8.61258,-5.44878 5.27301,-8.08527 -1.58191,-4.56994 -0.70306,-12.30368 3.33957,-2.28497 -2.63651,-4.39417 -4.7457,1.23036 -4.21841,-2.98803 -7.20644,2.28497 3.69111,-4.04264 1.0546,-9.31564 6.85491,-2.10921 0.70306,-3.6911 -2.98803,-7.90951 -7.20644,-2.46074 -5.27301,-5.624537 -3.51534,6.151837 -2.46073,0.17577 -0.52731,-6.327607 -1.75766,0.351534 -2.46074,4.569943 -1.93344,-0.70307 -0.35153,-3.339572 -2.6365,3.515342 -7.38221,-3.691109 -4.39417,-8.43681 -4.21841,4.394172 -3.51534,-5.09724 -2.81226,-0.351533 -2.46074,2.109202 -5.09724,0.527301 -0.87883,4.394172 -2.81227,3.691104"
    v 3.515341
    l 4.7457,2.1092 2.98804,4.2184 1.5819,6.50338 4.56994,2.81227 0.17576,6.15184 -5.273,2.1092 2.81227,4.56994 -4.39417,7.90951 -6.32761,-4.74571 -6.50337,10.54602 5.09723,1.75766 -5.44877,8.08528
"    z"",media/2.jpg,Котовский муниципальный район,ЮФО,#bf2523"
"21,Волгоградская область,Кумылженский муниципальный район,#,part Kumilzhensky,""m 67.142945,201.78037"
    c 0.175766,-0.70307 0.703067,-3.69111 0.703067,-3.69111
    l -0.878834,-4.7457
    h 4.042638
    l 1.757668,2.81227 5.800307,-2.28497 1.054601,-3.86687 -1.406135,-4.39417 9.842945,-2.63651 1.933436,4.21841 20.564722,-1.93344 10.89755,3.16381 2.6365,-4.92148 2.98804,-0.35153 -7.03068,-9.49141 0.87884,-2.46074 5.273,1.23037 2.81227,-3.6911 3.86687,0.5273 3.51534,4.7457 8.96411,-0.5273 11.60062,6.15184 5.09723,6.50338 2.46074,-0.35154 0.70307,6.15184 4.56994,-0.70306 -0.35154,13.70981 7.03068,1.93344 2.6365,5.09724 -4.7457,2.6365 -0.17577,4.2184 -6.15184,1.05461 0.17577,0.70306 -6.32761,2.98804 -1.93344,4.56994 -1.93343,0.5273 -2.98804,3.6911 -4.74571,0.17577 -5.8003,4.56994 -0.5273,2.98804 2.6365,4.04263 1.40614,4.21841 -3.51534,3.86687 -2.46074,-4.74571
    h -0.87883
    l -2.63651,4.04264 -10.72177,0.5273 -1.75767,-4.56994 -3.86687,1.23037 -6.67915,-7.03067 -2.81227,1.75767 0.35154,4.7457 -5.44878,1.75767 -11.249075,0.5273 5.448775,-13.35828 -3.691106,-5.62454 -5.800307,-5.62454 -5.976073,-6.32761 -4.042638,-5.62454 -6.854908,-1.75767 -4.042638,-9.49141 -5.800307,-1.93343
"    z"",media/2.jpg,Кумылженский муниципальный район,ЮФО,#bf2523"
"22,Волгоградская область,Ленинский муниципальный район,#,part Leninsky,""m 375.71642,400.82218 -3.85287,-1.24286 -3.85286,2.23714 -3.23144,-2.48571 -3.72858,2.36143 -6.21429,-1.74001 -0.24858,6.46287 8.45145,0.12429 2.48572,9.32145 6.09001,4.35 5.22001,-3.85286 1.86429,-3.48001 8.57573,-0.24857 1.24286,0.12429 0.12428,-5.84144 2.73429,0.37286"
    v 3.60429
    l 7.70573,4.47429 3.23144,0.37286 1.61572,2.73429 -0.37286,-3.72858 7.9543,-4.22572 -1.74001,-1.61572
    h -4.72286
    l -2.11286,3.72858 0.12428,-4.84715 -7.45715,-1.74 -1.98858,0.49714 -2.61,-3.60429 8.57573,-4.72287 0.74571,3.35572 6.09001,-0.12428 1.24286,-3.10715 3.48001,0.24857 1.98858,-1.24286 3.10714,-0.74572 2.61001,1.86429 3.48001,-2.98286 2.98286,1.74 1.36714,-3.10714 6.96002,-2.48572 -2.61001,-4.22573 0.12429,-7.83001 1.61571,-12.05574 -0.99428,-3.35572 0.37286,-19.88575 2.23714,-0.87 0.87,-24.85719 -1.49143,-2.48572 0.12429,-20.88004 -7.20859,-0.24857 -0.99428,2.23715 -2.23715,0.87 -0.24857,3.23143 3.48,1.49144 -11.06145,9.94287 -1.36714,-0.37286 -1.98858,0.24857 -2.73429,2.11287 0.62143,2.23714 -6.83572,4.4743 4.22572,10.06716 0.12428,3.23143 2.48572,2.85858 -0.12428,11.93145 -12.67717,-0.62143 -0.12429,8.32716 -8.20287,-0.37286 -1.24286,-3.23143 -13.05002,0.49714 -0.12429,18.02146 -2.85857,0.87 -2.48573,2.23715 -0.62142,11.43431 2.36143,1.86429 -1.36715,5.34429
"    z"",media/2.jpg,Ленинский муниципальный район,ЮФО,#bf2523"
"23,Волгоградская область,Нехаевский муниципальный район,#,part Nehyaevsky,""m 26.189264,91.926073 5.273006,0.527301 5.976073,-6.15184 1.757669,8.261042 6.503374,0.878835 4.042638,-1.581902 0.703068,5.62454 9.667178,0.351534 2.284969,-3.515338 9.842945,0.175767 0.175767,5.976078 4.921472,2.81227 -2.460736,2.98803"
    v 4.21841
    l 3.33957,4.56994 0.351534,6.8549 -3.33957,0.87884 2.636503,5.62454 1.054601,1.0546 2.636503,2.1092 4.394172,1.5819 -4.042638,2.81227 -0.703068,9.13988 3.866871,6.67914 -3.163803,5.27301 -0.351534,6.15184 -2.81227,-1.75767 -5.448773,3.33957 -0.703067,6.85491 -5.976074,-2.28497 -3.866871,3.1638 1.230368,7.90951 -7.557975,-3.86687 -3.163804,1.75767
    v 10.01871
    l -2.988037,6.32761 -3.866871,-0.70307 -3.163804,-4.92147 1.581902,-9.13988 -9.491411,-4.92147 -11.24908,-21.26779 13.709816,-19.86166 -10.370245,-21.44356 6.503374,-10.01871 4.042638,0.5273 1.581902,-1.75767 -2.284969,-4.218402 -7.557976,-0.351534
"    z"",media/2.jpg,Нехаевский муниципальный район,ЮФО,#bf2523"
"24,Волгоградская область,Николаевский муниципальный район,#,part Nikolaevsky,""m 444.44655,144.66884 9.07286,1.24286 9.57002,2.61 6.46287,0.62143 6.2143,-0.62143 6.58716,-0.12428 10.31573,1.61572 2.23715,3.23144 1.49143,7.20858 3.35572,-1.49144 1.49143,1.61573 -2.36143,4.97143 13.29859,6.09002 5.3443,16.03288 -1.11858,3.23143 -21.25289,-1.98857 0.74572,6.96001 2.98286,1.49143 0.24857,4.4743 -12.18002,-0.49715 -0.24857,27.34291 -5.71716,-0.49714"
    v 2.73429
    l -9.94287,-0.24857 0.24857,3.48 -31.07149,-0.49714 0.49715,-3.97715 -2.48572,-3.48001 5.71715,-1.98857 0.24857,-4.22573 -5.46858,1.98858 -4.97144,-11.18574 -7.20858,-3.72857
    h -1.49143
    l -10.6886,-6.2143 -4.97143,-0.74572 1.11857,-5.84143 2.23715,-6.09002 5.84143,-10.68859 3.72859,-5.84143 3.35571,-1.11858 2.11287,-2.61 3.10715,-2.48572 5.09572,-6.71145
"    z"",media/2.jpg,Николаевский муниципальный район,ЮФО,#bf2523"
"25,Волгоградская область,Новоаннинский муниципальный район,#,part Novoanninsky,""m 95.265644,110.3816 6.151836,0.35153 -0.5273,4.2184"
    h 6.15184
    l -0.17576,4.21841 0.17576,3.1638 2.63651,2.28497 4.56994,-0.17577 6.15184,5.97608 1.75767,4.04264 5.09723,-0.5273 8.61258,-6.32761 0.70307,6.15184 2.98804,-0.17577 0.5273,4.92147 -1.75767,0.35154
    v 11.07331
    l 3.6911,4.92147 8.78835,2.10921 2.1092,-3.16381 4.7457,1.23037 0.35154,-4.92147 8.43681,1.93343 6.15184,-14.76441 2.98803,-0.35154 4.04264,8.78835 3.69111,0.35153 4.56993,-6.50337 7.38221,0.17576 2.10921,-3.86687 3.86687,0.17577 0.17576,2.98803 6.67914,4.21841 2.81227,-5.44877 -1.0546,-1.93344 7.73375,-2.1092 2.98803,-8.78834 -1.75767,-1.58191 -3.86687,1.58191 -1.5819,-5.27301 -12.65521,-8.43681 -9.49141,4.39417 -5.27301,-0.5273 -1.0546,-0.70307 -1.75767,-0.5273 -2.28497,1.40614 0.35153,-5.80031 -5.44877,-1.0546 -1.0546,-15.291719 -5.27301,-0.351533 -1.40613,-4.394172 -6.32761,-4.745706 7.38221,-1.230368 1.23037,-6.327607 -8.26105,-8.788344 0.87884,-2.812269 -5.44877,-2.81227 -5.97608,-0.878835 -6.85491,4.042638 5.44878,4.394172 -1.93344,4.745706 -2.28497,2.81227 -2.98803,-2.460737 -0.87884,-4.745705 -1.93343,-0.703068 -2.81227,2.28497 -2.63651,-1.757669 -4.39417,0.175767 1.0546,7.030675 -2.6365,3.691104 -6.15184,2.460736 -8.78834,-2.109202 0.17576,4.745705 4.21841,11.424847 -4.39417,-0.527301 -1.93344,-1.757669 -7.38221,-0.175766 -1.23037,-5.976074 -6.503371,-0.175767
"    z"",media/2.jpg,Новоаннинский муниципальный район,ЮФО,#bf2523"
"26,Волгоградская область,Новониколаевский муниципальный район,#,part Novonikolaevsky,""m 128.66135,73.294785 -1.23037,4.569939 -14.23712,0.5273 0.70307,2.988037 8.08528,1.933436 6.15184,-2.988037 3.33957,-4.042638 -0.5273,-6.503374 3.33957,-0.527301 2.28497,1.933436 2.98804,-1.933436 2.28496,0.351534 1.05461,5.097239 2.6365,2.109203 3.1638,-3.163804 1.40614,-4.394172 -3.86687,-2.81227 -1.58191,-1.230368 6.67915,-3.866871 5.97607,0.703067 5.09724,3.163804"
    v -6.679141
    l 9.31564,-4.569939 0.70307,-3.515337 2.98804,-1.406135 1.23037,-3.691104 7.3822,1.230368 4.92148,-4.042638 2.46073,0.351533 4.56994,-21.795092 -29.00153,-18.2797541 -9.13988,0.1757669 -1.23037,0.3515337 -5.09724,-2.2849693 -4.39417,2.81227 -5.27301,11.2490798 -0.5273,1.406135 -16.87362,0.5273 -0.87883,-2.636503 -10.01871,4.042638 -8.61258,4.218405 -3.51534,4.921473 -1.40613,7.909509 4.04264,-1.054601 3.1638,1.054601 0.5273,6.503374 -2.1092,0.175767 -0.35153,7.909509 -4.56994,2.284969 0.35153,2.28497 3.33957,1.933435 8.43681,0.878835 1.75767,4.218405 -1.93344,3.866871 2.10921,6.679141 2.28497,-0.703068 4.2184,0.703068 5.62454,-1.230368
"    z"",media/2.jpg,Новониколаевский муниципальный район,ЮФО,#bf2523"
"27,Волгоградская область,Октябрьский муниципальный район,#,part Oktyabrsky,""m 265.84764,469.42802"
    h 12.18002
    l 9.69431,-8.07859
    h 18.89146
    l -0.12429,15.28717 9.57002,-0.37285 0.49715,11.68287 -3.48001,6.46287
    v 4.84716
    l -3.72858,4.10143 -17.52432,-4.22572 -0.87,1.49143 -1.11857,-2.36143 -6.09001,-0.99429 -6.33859,6.71144 -0.49714,1.24286 0.99429,2.85858 -6.09002,9.32144 -9.07287,-0.62143 -7.45716,3.6043 -6.96001,2.11286 -0.24857,-5.84144 -0.99429,0.12428 3.35572,-17.02717 -10.81288,-0.99429 -1.11857,-1.24286 -6.09001,-0.62143 -0.99429,2.11286 -14.79003,0.37286 0.87001,-11.68288 -1.98858,-4.35001 -1.86429,0.37286 -2.36143,-0.24857 -0.62143,0.87 -1.24286,1.11858 -3.10715,-0.99429 -2.11286,-2.23715 -0.99429,-1.36714 -1.11857,-0.74572 -1.74,-1.24286 -4.84716,-1.86429 -3.35572,-0.74571 -2.73429,-1.74001 -2.98286,-1.61571 -0.24857,-3.23144 1.86429,-2.73429 1.49143,-3.85286 0.49714,-4.10144
    v -3.10715
    l 0.62143,-2.85858 0.62143,-2.73429 1.36715,-1.86429 0.87,-1.61571
    v -2.98287
    l 0.37286,-3.10714
    h 2.36143
    l 2.98286,-0.74572 2.98286,-1.49143 3.35573,-3.10715 3.48,3.10715 23.11719,14.79003 5.96572,-11.43431 5.09573,1.86429 3.85286,5.71715 15.16289,4.10144 1.61571,2.48572 7.83002,2.36143 -0.12429,6.96001 -6.09001,0.37286
"    z"",media/2.jpg,Октябрьский муниципальный район,ЮФО,#bf2523"
"28,Волгоградская область,Ольховский муниципальный район,#,part Olkhovsky,""m 299.15521,188.59785 -0.70306,-2.6365 -3.69111,-2.1092 -0.70307,-2.10921 7.90951,-0.70306 -0.5273,-4.21841 3.51534,-5.09724 7.73374,-6.85491 4.74571,2.98804 3.1638,1.23037 2.81227,0.87883 4.56994,7.55798 11.07331,0.35153 4.56994,-11.42484 7.20644,9.13987 1.58191,13.00675 4.92147,1.23037 4.2184,16.69785 26.36503,9.49141 1.0546,8.08528 -3.6911,1.0546 -1.23037,9.13988 -3.6911,-0.70307 -3.16381,-4.56994 -3.86687,8.26105 -7.55797,-0.52731 -0.35154,4.56994"
    h -8.96411
    l -7.3822,6.85491
    v 4.39417
    l -3.33958,3.69111 -3.86687,-3.51534 -4.92147,3.33957 -2.81227,-2.28497 -2.98804,-0.35153 -2.46073,12.47945 -5.27301,-0.87884 -0.35153,-12.83098 -8.43681,-0.70307 -0.35154,-4.92147 -8.08527,-0.87883 -1.40614,5.62454 -0.87883,3.1638 -2.98804,0.87883 -4.92147,-0.5273 -4.2184,-3.1638 -2.28497,-2.98804 1.0546,-4.92147 -6.15184,-0.17577 -0.5273,-3.6911 1.75766,-0.70307 0.52731,-2.28497 3.6911,-2.6365 -1.0546,-11.07331 3.33957,3.6911 1.75767,-6.50337 5.8003,-1.93344 0.17577,-1.40613 -8.26104,-9.84295 -2.6365,-0.35153 -1.75767,-2.28497 8.43681,-12.12792
    v -1.75767
"    z"",media/2.jpg,Ольховский муниципальный район,ЮФО,#bf2523"
"29,Волгоградская область,Палласовский муниципальный район,#,part Pallasovsky,""m 433.50938,391.99787 4.97144,-2.48571 4.22572,-2.23715 1.98858,-1.24286 4.97143,-2.98286 3.23144,-3.48001 1.49143,-1.24286 2.48572,-4.47429 2.23715,-3.48001 1.24285,-2.98286 1.24286,-6.46287 2.73429,0.24857 4.97144,-3.48001 27.84005,4.22573 -0.24857,3.97715 29.33149,20.63146 15.41145,-40.51722 2.23715,-0.99428 3.23144,-1.24286 3.48,-1.49143 4.22572,-2.48572 5.96573,-6.96002 3.23143,-4.97143 2.48572,-5.96573"
    v -6.2143
    l -1.24286,-5.46858 -2.73429,-4.97144 -2.23714,-1.24286 -18.39432,-15.16288 10.93716,-76.56014 5.46858,-1.74001 21.62575,-9.19716 15.66003,-22.86861 -2.98286,-7.45716 -5.71715,-6.96001 6.2143,-7.20859 -3.72858,-4.72286 0.24857,-4.72287 -2.73429,2.23715
    v 2.48572
    l -5.22001,6.96001 -2.48572,-1.49143 0.49714,-3.72858 -15.9086,1.24286
    v 7.20859
    l -12.92574,-0.74572 0.24858,4.22572 -9.69431,-0.49714 1.24286,-10.68859
    h -4.72286
    l 0.99428,-7.9543 -18.89146,-0.49715 0.49714,-2.48572
    h -1.98857
    l -0.74572,18.39432
    h -2.73429
    l -5.71715,8.70002 2.48572,1.98858 5.46858,14.66574 -2.48572,2.48572 -19.63718,-1.24286 0.49714,7.9543 2.73429,1.24286 -0.24857,3.72857 -11.68288,-0.24857 0.24858,27.09434 -5.46859,-0.24857 -0.74571,2.48572 -9.44573,-0.24858 -0.24858,15.66003 -2.48571,-0.74571 -1.24286,1.98857 -33.06007,-0.99428 0.99429,37.53435 -1.74,12.18002 0.24857,19.88576 1.49143,2.48571 -0.74571,25.10577 -2.48572,0.49714
    v 19.63718
    l 0.49714,4.47429 -1.24286,11.43431
    v 7.9543
"    z"",media/2.jpg,Палласовский муниципальный район,ЮФО,#bf2523"
"30,Волгоградская область,Руднянский муниципальный район,#,part Ryudnyansky,""m 320.77454,103.35092 -1.40614,4.92147 -5.273,3.16381 -5.80031,-2.28497 -21.09202,-11.776384 -0.17577,-1.757668 -5.80031,-1.757669"
    v -8.085276
    l -3.51533,-3.339571 1.23036,-22.673926 2.46074,0.351534 0.70307,-3.339571 3.6911,1.054601 4.92147,-8.612576 0.35154,-10.194479 4.04264,-0.351533 0.35153,-7.206442
    h 7.55798
    l 0.5273,-2.81227 5.62454,0.351534 0.70306,-5.62454 9.66718,2.460736 3.69111,20.916258 3.86687,4.745705 6.15184,-7.206442 8.08527,20.037424 -2.81227,5.273006 0.5273,2.988037 -0.87883,3.163803 1.0546,2.636503 2.81227,1.757669
    v 2.284969
    l 1.93344,1.933436 -1.58191,2.636503 -3.86687,1.757669 -4.39417,0.351533 -2.28497,-0.175766 -2.1092,2.284969 -5.62454,-0.175767 -0.17577,4.745706 -2.6365,3.515337
"    z"",media/2.jpg,Руднянский муниципальный район,ЮФО,#bf2523"
"31,Волгоградская область,Светлоярский муниципальный район,#,part Svetloyarsky,""m 302.76056,412.87791 0.49715,-10.68859 1.49143,-0.24857"
    v -3.23143
    l -1.49143,-2.7343 3.72858,-0.99428 2.48572,0.49714 1.24286,2.98286
    v 1.98858
    l -1.49144,1.98857 5.71716,5.46859 2.23714,2.48571 7.95431,5.46859 2.48571,-1.24286
    v -3.23144
    l 2.98287,0.24857 2.48572,3.72858 4.72286,3.72858 1.24286,-0.49714 0.99429,-2.98287 -0.24857,-2.98286 -0.12429,-8.8243 24.36005,3.23143 1.61571,8.32716 5.46859,4.22572 5.46858,-3.72857 2.73429,2.98286 -0.99429,1.49143 -1.98858,1.49143 -3.72857,-0.49714 1.49143,9.94287 -3.23144,-0.74571
    v 9.94287
    l -7.70573,10.93717 2.48572,2.98286 -2.23714,2.98286 0.49714,8.94859 -10.68859,8.94859 -13.92003,-5.22001
    v 4.97144
    l -12.18002,0.49714 -0.24857,-18.89146 -9.69431,-4.22573 0.49715,-2.98286 -5.22001,-0.24857 0.24857,-1.98858 -5.96572,0.49715
    V 461.598
    h -18.89147
    l -9.94287,7.70573 -12.18003,0.49715
    v -3.97715
    l 5.46858,-0.49715
    v -6.71144
    l -7.70572,-2.73429 -2.23715,-2.98286 11.68288,-21.12861 -0.49715,-6.71144 1.98858,-4.72287 1.49143,-0.49714 0.74572,-1.24286
    v -1.74001
    h 1.74
    l 0.74572,2.23715 0.99428,0.99429 1.49143,-0.74572 0.49715,-1.24286 -0.49715,-0.99428 1.49144,-1.74001 1.49143,-0.74571 1.74,0.24857 1.49143,0.49714 0.74572,0.74572 0.24857,-0.99429
    v -1.49143
    l 0.99429,-1.49143
    h 1.74
    l 0.74572,-1.24286 0.99428,-0.49715
"    z"",media/2.jpg,Светлоярский муниципальный район,ЮФО,#bf2523"
"32,Волгоградская область,Серафимовичский муниципальный район,#,part Serafimovichsky,""m 117.2365,320.24724 3.51534,0.70307 -0.17577,-11.95215 8.26105,0.70307 3.51533,-16.69786"
    h 2.81227
    l 1.93344,-0.87883 6.15184,-0.70307 1.0546,-1.93343
    h 13.18252
    l 5.97607,-22.8497
    v 4.21841
    l 4.56994,3.1638 14.94018,1.23037 -0.5273,2.28497 -2.28497,3.33957 1.40614,5.44877 2.6365,-0.17576 -0.17577,-3.16381 2.10921,-0.17576 0.5273,3.51533 3.51533,1.23037 0.87884,5.44877 2.98804,0.17577
    v -2.81227
    l 6.67914,-4.04264 1.75767,-3.33957 7.03067,-0.5273 3.33957,-16.52208 7.20644,-0.87884 1.75767,-2.1092 -1.93343,-4.04264 0.87883,-3.51534 -9.49141,-17.75245 -3.16381,-1.93344 1.05461,-2.1092 -2.28497,-4.39417 -4.39417,-3.33957 0.17576,-2.6365 4.04264,-2.63651 0.17577,-4.7457 -1.5819,-2.81227 -8.96412,-6.32761 -5.273,0.70307 -6.15184,4.39417 -4.56994,-0.87884 -2.1092,1.05461 -4.21841,2.98803 0.35154,2.81227 -5.80031,1.75767 -1.40614,1.93344 -4.56993,1.75767 -2.98804,4.7457 -1.93344,0.35154 -3.1638,3.6911 -4.92147,0.35153 -5.44878,4.92148 -0.70306,3.1638 2.28497,2.98804 1.23036,4.56993 -2.46073,2.98804 -2.1092,-3.51534 -1.40614,0.17577 -1.93344,2.81227 -11.24907,0.70307 -1.75767,-4.21841 -3.86687,1.75767 -4.92148,-5.09724 -2.1092,-2.1092 -2.6365,1.93344
    v 1.93343 2.28497
    l -5.97608,1.75767 -4.39417,0.5273 -6.151839,0.35153 -3.33957,10.89755 -1.757669,0.17577 -4.569938,24.95889 4.394171,0.87884 -0.878834,4.04263
    h 3.33957
    l -2.812269,3.16381 2.109202,2.98804 -3.339571,0.87883 -1.054601,7.55798 4.921473,2.1092 -2.460737,5.62454 -4.745705,1.40613 -0.351534,2.46074 7.382209,2.46073 1.933435,-1.5819 6.679137,0.87884 7.20645,-1.40614 5.273,-1.40613 2.1092,0.5273
"    z"",media/2.jpg,Серафимовичский муниципальный район,ЮФО,#bf2523"
"33,Волгоградская область,Среднеахтубинский муниципальный район,#,part Sredneakhtubinsky,""m 347.84264,379.48067 -0.87884,-4.04263 1.23037,-1.40614 -2.46074,-1.93343 -3.1638,-0.52731 -7.20644,0.70307 -4.04264,-0.35153 -4.2184,9.49141 -2.46074,2.46074 1.5819,2.81227 -2.1092,4.39417 0.87883,2.98803 3.16381,1.23037 3.6911,-0.70307 2.6365,3.16381 -1.40613,4.04264 7.38221,3.51533 -0.5273,-1.40613 15.11595,2.28497 -0.35154,-6.67914 7.03068,2.6365 3.1638,-2.81227 3.33957,2.98804 3.51534,-2.63651 4.74571,1.23037 -7.20644,-7.38221 2.28496,-5.273 -2.6365,-1.5819 0.17577,-11.07332 2.6365,-2.46073 3.33957,-0.87884"
    v -18.10399
    l 12.65522,-0.17576 1.5819,3.1638 8.61258,0.17577 -0.52731,-8.43681 13.00675,0.70307 0.35154,-12.30369 -2.63651,-2.6365 -0.70306,-3.6911 -4.21841,-9.66718 -0.70307,1.0546 -9.84294,-2.6365 -3.69111,-3.33957 -3.86687,0.5273 -8.26104,4.39417 -4.2184,4.56994 -2.10921,-1.5819 -2.28497,2.46073 -1.75766,2.1092 -3.33958,4.74571 -5.273,6.67914 -5.80031,6.50338 -2.6365,3.1638 2.98804,-0.87883 3.86687,-2.10921 0.87883,-1.0546 0.70307,1.0546 -5.62454,3.86687 -1.40614,2.81227 5.09724,4.92148 -1.93343,0.5273 -1.40614,-0.35154 -2.28497,-2.46073 -3.86687,1.5819 0.87884,2.81227
    h 8.96411
    l 3.1638,2.28497 0.35153,7.20644 -2.81227,2.28497 -2.6365,2.1092 0.17577,2.81227 -3.16381,-0.5273
"    z"",media/2.jpg,Среднеахтубинский муниципальный район,ЮФО,#bf2523"
"34,Волгоградская область,Старополтавский муниципальный район,#,part Staropoltavsky,""m 581.65823,158.3403 5.22001,-5.96573"
    v -2.98286
    l 2.48572,-1.49143 3.72858,-4.97144 3.23143,0.24857 1.98857,0.24857 2.23715,-1.98857 -0.24857,-2.98287 1.98858,-2.23714 -14.91432,-0.24857 -0.49714,2.23714 -2.98286,-0.74571 -0.24858,-9.19716 -3.23143,0.24857 0.24857,-13.17431 -14.1686,0.49714 -1.49143,3.72858 -10.93716,-0.49714 -0.49715,-4.72287
    h -4.97143
    v -8.45144
    l -5.46859,-0.24858
    v -5.717149
    h 1.49144
    l 0.24857,-3.977151
    h -6.46287
    l -2.48572,-2.485718 -0.49714,-7.208585 -4.72287,2.237147 -2.48572,0.497143 -1.74,0.994288 -3.48001,-1.740003 -0.74571,-2.485719 -2.7343,1.491431 1.24286,11.434307 -2.48571,0.248572 -0.99429,-3.728578
    h -1.74001
    l -0.49714,3.480006 -1.74,-0.497144 -0.24857,-2.485718 -3.48001,2.982862 -0.24857,2.485719 -1.24286,1.74 -0.24857,3.23144 1.74,1.74 0.24857,3.23144 -4.22572,-0.74572 -2.48572,-2.48572 -3.48001,0.49715 -0.49714,-2.48572 -6.2143,0.24857 -0.74571,7.20858 -19.63718,0.24857 0.49714,-13.42288 2.98286,-0.248569 -0.49714,-7.954301 -5.71715,0.497144 0.24857,-4.225722
    h -5.22001
    l -7.9543,-8.202873 -12.67717,-0.497143 -6.71144,10.191447 19.38861,30.574347 3.48,11.18573 -0.99428,13.67146 0.74571,2.23714 11.18574,1.24286 7.45715,-1.74 7.20859,0.74571 7.45716,1.24286 4.47429,5.71716 2.48572,6.46287 -1.98858,4.47429 3.72858,1.74 7.20859,3.72858 5.71715,-8.70001 2.73429,-0.24858 0.49715,-18.14574
    h 1.74
    l 0.24857,1.74 18.39432,1.24286 -0.49714,7.45716 4.22572,0.24857 -0.99429,10.68859 9.44573,0.49714 0.24858,-4.22572 12.67716,0.74572 -0.24857,-7.20859 15.9086,-1.24286
    v 3.72858
    l 0.49714,0.49714
"    z"",media/2.jpg,Старополтавский муниципальный район,ЮФО,#bf2523"
"35,Волгоградская область,Суровикинский муниципальный район,#,part Surovikinsky,""m 129.36442,407.07607 0.35153,2.10921 5.97607,2.28496 -0.35153,2.10921 2.1092,0.70306 1.23037,-1.5819 2.46074,1.5819 4.56994,0.70307 0.5273,5.80031 -1.75767,1.93343 0.5273,1.93344 -1.23037,1.23037 -2.6365,-3.51534 -1.93344,-1.23037 -2.6365,0.70307 0.35153,2.46074 2.98804,2.98803 -0.87884,3.69111 -2.28496,0.5273 -1.75767,1.23037 1.93343,5.273 9.66718,-0.35153 1.23037,1.5819 6.50337,-4.92147 10.01871,4.2184 2.28497,-2.6365 7.38221,0.17577 -3.86687,6.15184 5.09724,3.33957 -2.6365,2.1092 0.5273,2.1092 5.09724,-0.17576 7.38221,-1.93344 1.75766,-2.46074 -0.70306,-4.92147 0.87883,-2.6365 1.5819,-2.6365 0.70307,-2.46074 -0.35153,-5.80031"
    v -2.81227
    l -2.46074,-3.6911 -0.17577,-4.21841 5.09724,-2.28497 3.33957,-0.87883 4.56994,1.40613 0.70307,-2.46073 2.46074,0.70307 1.0546,1.40613 4.04263,0.35153 2.28497,1.23037 1.58191,-0.5273 4.04263,-6.85491 1.93344,-1.0546 -3.86687,-5.44877 -2.46074,-1.0546 -1.75767,-1.40614 -3.51533,-2.1092 -0.70307,-3.51534 2.6365,-1.75767 1.93344,-2.1092 0.17576,-2.98803 -2.81227,-0.70307 -4.7457,-0.70307 -0.17577,-8.43681 1.23037,-0.96672 0.61518,-1.84555 -0.79095,-6.76702 0.35154,-1.0546 1.49402,2.37285 2.37285,0.17576 0.5273,-1.23036 -0.26365,-2.37286 1.66978,-1.75766 1.66979,-3.69111 -0.0879,-4.13052 -2.46074,-2.02132 -0.26365,-4.04264 1.84555,-2.37285 -3.86687,-4.30629 -2.46074,1.75767 -3.95475,0.26365 -1.66979,-0.26365 -1.49401,0.17577 -1.31826,3.95475 -1.40613,1.31825 -2.46074,-5.36089 -0.61518,-1.23036 -2.46074,0.43941 -2.6365,0.5273 -1.14249,2.28497 -0.61518,1.31825 -1.66978,2.10921 -0.70307,2.02132 -3.33957,2.90015 -2.28497,-0.26365
    c 0,0 -2.6365,1.49402 -3.07592,1.49402 -0.43942,0 -5.09724,0.0879 -5.09724,0.0879
    l -1.84555,-1.31825 1.23036,-2.6365 -0.96671,-6.23973 -3.69111,-1.23037 -3.25168,-0.79095 -0.43942,3.60322 -1.66979,2.72439 -8.96411,0.79095 -0.26365,3.16381 6.41549,7.03067 0.43942,4.65782 -1.40613,5.27301 -7.11856,7.20644 -0.0879,4.56994 2.02132,5.18512 1.75767,1.40614 -0.0879,6.8549 -4.21841,-0.35153 -2.61518,4.39417 -0.98804,1.14249 -2.28497,-0.17577
"    z"",media/2.jpg,Суровикинский муниципальный район,ЮФО,#bf2523"
"36,Волгоградская область,Урюпинский муниципальный район,#,part Uryupinsky,""M 76.933594 9.4453125"
    L 71.339844 14.417969
    L 65.623047 21.875
    L 61.894531 36.664062
    L 61.023438 38.15625
    L 47.601562 41.511719
    L 38.03125 46.109375
    L 33.183594 46.359375
    L 28.958984 50.708984
    L 28.337891 65.001953
    L 24.609375 63.386719
    L 23.490234 65.125
    L 4.5976562 73.453125
    L 13.298828 77.181641
    L 18.890625 81.035156
    L 26.347656 92.34375
    L 31.195312 92.095703
    L 37.535156 86.626953
    L 39.025391 94.582031
    L 45.736328 95.949219
    L 49.714844 94.083984
    L 49.962891 99.925781
    L 59.78125 100.29883
    L 62.515625 96.322266
    L 72.085938 96.570312
    L 71.960938 102.66016
    L 77.056641 105.26953
    L 74.695312 109.49609
    L 74.572266 112.10547
    L 76.560547 114.09375
    L 77.429688 116.82812
    L 78.050781 124.16211
    L 74.572266 125.2793
    L 78.050781 130.25195
    L 90.107422 126.27539
    L 89.982422 114.21875
    L 94.582031 114.4668
    L 95.824219 109.86914
    L 96.695312 88.242188
    L 103.28125 88.367188
    L 104.64844 94.582031
    L 111.48438 94.457031
    L 113.34961 96.695312
    L 118.44531 97.564453
    L 114.09375 86.005859
    L 113.59766 78.300781
    L 127.39258 78.175781
    L 128.63672 73.578125
    L 126.77148 70.966797
    L 121.92383 71.960938
    L 116.58008 71.091797
    L 114.34375 71.216797
    L 112.85156 65.748047
    L 114.4668 63.634766
    L 114.96484 62.019531
    L 113.8457 58.787109
    L 112.35547 57.294922
    L 108.99805 56.425781
    L 103.90234 55.679688
    L 101.41797 53.816406
    L 101.79102 52.199219
    L 103.1582 51.455078
    L 105.76758 50.087891
    L 106.01562 42.630859
    L 108.00391 42.505859
    L 107.75586 35.421875
    L 104.15234 33.929688
    L 102.16211 34.923828
    L 100.79688 35.048828
    L 100.79688 32.935547
    L 101.04492 30.449219
    L 101.79102 27.839844
    L 102.9082 25.851562
    L 103.6543 24.732422
    L 106.63672 22.248047
    L 110.24219 20.257812
    L 113.9707 18.394531
    L 97.564453 18.890625
    L 80.910156 12.304688
    L 80.910156 9.4453125
    L 76.933594 9.4453125
    z
    
    M 81.65625 65.623047
    L 83.892578 65.871094
    L 88.242188 66.244141
    L 89.982422 66.742188
    L 91.226562 67.115234
    L 91.847656 68.357422
    L 92.34375 71.712891
    L 92.59375 75.441406
    L 90.480469 76.683594
    L 88.242188 76.435547
    L 86.626953 76.808594
    L 84.638672 77.802734
    L 83.271484 76.1875
    L 81.779297 74.572266
    L 80.412109 72.210938
    L 81.035156 68.978516
    L 81.65625 65.623047
"    z"",media/2.jpg,Урюпинский муниципальный район,ЮФО,#bf2523"
"37,Волгоградская область,Фроловский муниципальный район,#,part Frolovsky,""M 269.20312 157.59375"
    L 266.7168 158.33984
    L 265.22656 159.58398
    L 264.48047 161.32227
    L 263.23828 162.31836
    L 261.99414 162.56641
    L 261.49805 164.05664
    L 260.25391 166.29492
    L 258.01758 167.78516
    L 256.0293 170.27148
    L 253.29492 170.51953
    L 249.81445 170.51953
    L 249.31836 168.53125
    L 248.57227 167.78516
    L 247.08008 168.2832
    L 246.33398 170.02344
    L 247.08008 175.49219
    L 246.58398 180.21484
    L 245.58984 181.70508
    L 244.3457 183.19727
    L 243.10352 183.19727
    L 239.12695 182.94922
    L 237.63477 183.44531
    L 236.39258 184.43945
    L 235.64648 187.42383
    L 234.65234 189.9082
    L 233.90625 191.64844
    L 232.16602 191.40039
    L 232.41406 192.89258
    L 231.91797 195.62695
    L 232.91211 199.10547
    L 232.66406 201.5918
    L 231.66992 202.83398
    L 230.42578 205.56836
    L 229.18359 206.31445
    L 224.95703 206.31445
    L 222.7207 205.81836
    L 221.22852 205.56836
    L 220.48242 206.8125
    L 220.98047 208.80078
    L 220.98047 209.79492
    L 217.00391 208.80078
    L 215.75977 216.25781
    L 206.8125 215.51172
    L 206.31445 220.48242
    L 204.57422 221.47852
    L 202.08984 223.2168
    L 202.08984 225.95117
    L 206.5625 229.43164
    L 208.55273 233.90625
    L 208.05469 236.14258
    L 211.03711 238.38086
    L 217.00391 249.81445
    L 220.48242 255.78125
    L 219.73828 257.51953
    L 219.24023 259.01172
    L 221.22852 263.98242
    L 227.19531 263.73438
    L 228.4375 264.23242
    L 230.42578 262.98828
    L 232.16602 263.48633
    L 234.90039 263.48633
    L 236.88867 266.46875
    L 240.36914 260.00586
    L 244.3457 261
    L 246.08594 261.25
    L 248.32422 261.74609
    L 249.56641 260.75195
    L 252.54883 261.49805
    L 253.54297 260.50391
    L 254.04102 255.78125
    L 254.28906 253.54297
    L 256.77539 253.54297
    L 258.76367 254.28906
    L 261.99414 254.53711
    L 265.22656 253.54297
    L 265.22656 251.05664
    L 264.23242 250.0625
    L 262.98828 249.06836
    L 262.49219 247.57812
    L 263.98242 245.83789
    L 264.97852 244.84375
    L 268.20898 245.0918
    L 269.94922 245.33984
    L 271.19141 248.82031
    L 272.93164 248.82031
    L 274.67188 247.82617
    L 273.92578 244.5957
    L 273.17969 243.10352
    L 273.17969 242.35742
    L 275.66602 242.35742
    L 279.89258 243.10352
    L 284.36719 243.35156
    L 284.11719 240.61719
    L 286.10547 239.12695
    L 286.35547 237.13672
    L 287.59766 236.14258
    L 289.83398 234.40234
    L 290.08398 233.6582
    L 288.83984 223.2168
    L 292.32031 226.94531
    L 294.06055 219.98633
    L 300.02539 218.74414
    L 300.52344 216.75391
    L 295.80078 210.78906
    L 293.8125 208.80078
    L 291.82422 207.30859
    L 289.08984 206.5625
    L 288.0957 204.82227
    L 289.58594 201.83984
    L 290.83008 199.35547
    L 293.31445 195.875
    L 296.04883 192.39453
    L 296.29688 190.6543
    L 297.78906 190.1582
    L 299.28125 188.66602
    L 298.7832 186.17969
    L 295.80078 184.9375
    L 294.30859 183.44531
    L 294.30859 181.45703
    L 294.06055 178.97266
    L 293.8125 177.23242
    L 295.30273 175.98828
    L 292.56836 176.48633
    L 289.08984 177.97656
    C 289.08984 177.97656 287.34976 177.23242 286.35547 177.23242
    C 285.36118 177.23242 281.13477 175.49219 281.13477 175.49219
    L 277.6543 174.24805
    L 274.17383 172.25977
    L 274.42383 169.0293
    L 275.66602 167.53711
    L 275.66602 163.56055
    L 272.68359 163.0625
    L 272.43555 160.08008
    L 270.94336 160.32812
    L 270.44531 157.59375
    L 269.20312 157.59375
    z
    
    M 243.35156 218.74414
    L 245.58984 221.47852
    L 249.31836 220.98047
    L 252.79688 225.45508
    L 251.05664 228.68555
    L 247.57812 228.68555
    L 244.5957 230.42578
    L 239.12695 228.18945
    L 239.375 225.70312
    L 233.6582 224.21094
    L 237.38672 223.2168
    L 235.89453 219.73828
    L 240.12109 219.98633
    L 243.35156 218.74414
"    z"",media/2.jpg,Фроловский муниципальный район,ЮФО,#bf2523"
"38,Волгоградская область,Чернышковский муниципальный район,#,part Chernishkovsky,""m 151.68681,502.97822"
    c 0.35153,-0.87883 9.31564,-3.86687 9.31564,-3.86687
    l 2.46074,-8.96411 2.28497,-16.34632 1.40613,-10.54601 0.5273,-8.78835 2.28497,-2.46073 3.16381,-2.63651
    v -1.5819
    l 2.28497,-2.28497 -5.09724,-3.1638 3.6911,-6.15184 -7.55797,-0.17577 -2.46074,2.6365 -9.84294,-4.56993 -6.32761,5.273 -1.5819,-1.5819 -9.31565,0.17577 -1.5819,-5.27301 1.0546,-1.23037 2.6365,-0.70306 0.35154,-1.75767 0.35153,-1.40614 -1.23037,-1.75767 -1.0546,-1.23036 -0.70306,-0.87884 -0.17577,-1.75767 2.6365,-0.70307 2.28497,1.23037 1.23037,2.63651 0.87883,0.70306 1.0546,-1.23036 0.35154,-2.10921 1.0546,-1.5819
    v -2.98804
    l -0.35153,-2.81227 -1.75767,-0.17576 -2.28497,-0.70307 -1.0546,-0.17577 -1.93344,-1.5819 -0.70307,0.35153 -1.40613,1.23037 -0.87884,-0.70306 0.17577,-1.75767 -2.46074,-0.87884 -2.1092,-1.0546 -1.23037,-1.40613 -1.23036,-0.35154 -5.27301,0.70307 -1.75767,-1.40613 -3.33957,0.70306 -6.15184,-0.70306 -8.26104,4.7457 0.17576,1.93344 -13.182511,7.3822 9.491411,20.7405 -11.24908,0.5273 0.351534,5.09724 1.757669,0.17576 2.81227,7.38221 -1.406135,5.62454 -6.679141,6.67914
    v -0.17577
    l -1.581902,2.63651 1.230368,1.0546 -0.527301,2.6365 -0.703067,3.16381 2.636503,2.28497
    h 4.394172
    l 4.745705,-1.23037 2.988037,2.6365 3.515338,-4.39417 11.95215,1.5819 2.81227,-3.1638 2.98803,4.04263 3.51534,0.35154 1.40614,-1.23037 7.73374,0.5273 2.28497,6.15184 9.13987,11.42485 3.86688,0.87883
"    z"",media/2.jpg,Чернышковский муниципальный район,ЮФО,#bf2523"
"39,Волгоградская область,Михайловский муниципальный район,#,part Mihailovsky,""M 243.08594 101.24219"
    L 235.87891 104.23047
    L 232.1875 111.08398
    L 231.83594 115.47852
    L 228.84766 117.93945
    L 224.45508 117.06055
    L 224.45508 110.20508
    L 217.42383 109.50195
    L 215.8418 109.67773
    L 216.19336 116.18164
    L 213.0293 119.52148
    L 214.78711 125.32227
    L 219.00586 123.21289
    L 220.58789 125.32227
    L 217.24805 133.75781
    L 208.98633 135.69141
    L 211.0957 137.97656
    L 208.10742 143.07422
    L 200.90234 138.67969
    L 201.42969 135.51562
    L 197.73828 135.51562
    L 195.27734 139.73438
    L 188.07031 139.73438
    L 183.5 145.71094
    L 179.89062 145.71094
    L 179.80859 145.53516
    L 175.41602 136.92188
    L 172.95508 136.92188
    L 166.27539 151.51172
    L 157.66211 149.40234
    L 157.31055 155.02734
    L 152.91797 153.44531
    L 150.80859 156.60742
    L 149.57812 158.01367
    L 150.98438 166.80273
    L 149.05078 166.45117
    L 145.18359 174.00977
    L 158.01367 180.51172
    L 162.05664 187.01562
    L 163.99023 185.96094
    L 165.04492 191.76172
    L 169.9668 191.41016
    L 168.91211 205.11914
    L 176.64648 207.22852
    L 179.45703 211.79883
    L 180.51172 210.74414
    L 185.25781 211.97461
    L 190.88281 207.93164
    L 195.98047 207.05273
    L 205.64648 213.55664
    L 207.05273 216.36914
    L 216.01758 216.7207
    L 217.07227 209.68945
    L 221.4668 210.04102
    L 220.41211 206.87695
    L 220.93945 205.64648
    L 224.10352 206.70117
    L 229.72656 206.52539
    L 231.48438 202.83594
    L 233.06641 202.30859
    L 232.89062 198.61719
    L 232.01172 195.80469
    L 232.36328 193.51953
    L 232.1875 192.28906
    L 233.94531 192.11328
    L 236.75781 184.73047
    L 238.69141 183.5
    L 244.84375 183.67578
    L 246.77734 180.6875
    L 246.95312 174.88867
    L 246.25 169.61523
    L 247.65625 168.20898
    L 250.46875 150.80859
    L 246.77734 136.57031
    L 242.20703 133.23047
    L 241.50391 128.48633
    L 246.77734 128.66211
    L 253.63086 122.68555
    L 248.00781 120.57617
    L 242.91016 112.49023
    L 244.49219 109.15039
    L 249.58984 108.27148
    L 249.76562 103.87891
    L 243.08594 101.24219
    z
    
    M 205.44531 171.26562
    L 208.17969 172.25977
    L 209.91992 174.87109
    L 208.67578 178.22656
    L 207.06055 180.96094
    L 202.71094 185.93164
    L 199.35547 185.43555
    L 198.11133 183.57031
    L 194.38281 182.07812
    L 193.63672 179.0957
    L 194.25977 176.60938
    L 196.12305 175.74023
    L 198.36133 174.74609
    L 200.72266 172.38477
    L 202.08984 171.51367
    L 205.44531 171.26562
"    z"",media/2.jpg,Михайловский муниципальный район,ЮФО,#bf2523"
